4 0 3 2 1021 11
1526824683 226456056 3147639094 1368511782 2167358012 4279273267 1119925729 3118457726 1404151423 1387463410 3721472439 4068771459 1980160170 1707916717 2343955157 66122212 1129990110 766347264 3626826558 970842575 628597261 3811301878 
715825901 2591490475 1586204465 1910126443 682994334 4204749867 87551180 3038384818 3587879820 3598451765 125203454 2789216924 1009455384 2227844733 1976627492 1476298527 3775965868 1871731157 2370594888 688101071 3292323983 80872313 
6 1 3 1 1021 11
1189128906 2728163321 603469374 1059143840 127246438 2100234649 3147284280 2924514242 1902077507 2019982966 441341180 2149543315 2344974620 260902755 1471851492 2638161539 176550262 1550765105 3642109420 3955746700 1235770829 4140497566 
594617573 3493946715 481108829 2509768626 2003759933 4043971763 2790185451 548175697 3917535409 54929383 830750123 4248625694 4191919869 937092786 3947293495 725660478 3701670270 96575800 3470082996 1434308420 690616566 3921721651 
21 0 3 3 1021 11
2649349012 2462667662 2821040135 2674565809 2753611786 444373280 2734144431 3771551159 3924703776 2499769806 2354579379 3992652829 2236793169 3890125783 2451400127 2678112245 1058993413 921175801 2690771601 17829199 3336038469 564444068 
1688311567 579397480 127817993 4267826213 1189617746 2209528847 1198915301 1722516370 595722666 2719477454 3889269278 2560881946 1888473388 662598897 3163078385 435077280 3393269319 1682837394 2528646179 4169742186 3071822573 1120964275 
1 1 3 1 1021 11
1004155718 1057063797 2438129831 2570420438 485767916 1420329803 4199237806 1967284137 238813037 510242318 2238629046 2140528615 589593154 1873095208 4226217535 1681650045 536999099 1457462695 64736414 406612426 3016005358 3227456093 
2580127692 3918456144 3944508750 511548437 1071831513 1672974289 1997630 3917872105 3025802044 1067303557 3905213981 337350290 2542107185 2956891835 1048328190 3951735627 3601078792 1388127473 281277017 1211224380 3233275161 3012478126 
3 3 21 0 1021 11
2649349012 2462667662 2821040135 2674565809 2753611786 444373280 2734144431 3771551159 3924703776 2499769806 2354579379 3992652829 2236793169 3890125783 2451400127 2678112245 1058993413 921175801 2690771601 17829199 3336038469 564444068 
1688311567 579397480 127817993 4267826213 1189617746 2209528847 1198915301 1722516370 595722666 2719477454 3889269278 2560881946 1888473388 662598897 3163078385 435077280 3393269319 1682837394 2528646179 4169742186 3071822573 1120964275 
3 6 5 0 1021 11
1179460297 1494551022 3670849295 2637803738 458341780 3075840875 2804767013 2283591114 1421850862 1981613406 9186265 1010048627 230303807 3915847796 2896977839 1516013116 3513730664 165342423 2054521810 4228120846 3611807218 3617457401 
357673292 1466577391 2499935144 3424309564 1525206548 3516905659 1875552123 4088485060 2885664383 1903692658 1524943600 1157510258 1513982561 558440657 2275005071 2572834223 3988194362 792423621 1469402000 3771063576 1780691694 142073104 
3 1 1 1 1021 11
1004155718 1057063797 2438129831 2570420438 485767916 1420329803 4199237806 1967284137 238813037 510242318 2238629046 2140528615 589593154 1873095208 4226217535 1681650045 536999099 1457462695 64736414 406612426 3016005358 3227456093 
2580127692 3918456144 3944508750 511548437 1071831513 1672974289 1997630 3917872105 3025802044 1067303557 3905213981 337350290 2542107185 2956891835 1048328190 3951735627 3601078792 1388127473 281277017 1211224380 3233275161 3012478126 
3 1 7 0 1021 11
3556751522 3484719650 671824178 3319521860 838421602 766451983 2874591529 85440916 2040202540 2833450732 3092117673 4250484897 2060264553 198709419 2828998263 281412247 544172608 1373590276 3926061069 2585324984 610007076 224165705 
1154834227 1851870112 1541823171 2235289779 3390863011 2274884043 514926763 2765847079 3522044743 4098225407 2947838966 1432113624 4279485129 1276033990 842381825 1931265665 596438103 2426820143 946699108 1931218470 987418072 3001168098 
3 1 6 1 1021 11
1189128906 2728163321 603469374 1059143840 127246438 2100234649 3147284280 2924514242 1902077507 2019982966 441341180 2149543315 2344974620 260902755 1471851492 2638161539 176550262 1550765105 3642109420 3955746700 1235770829 4140497566 
594617573 3493946715 481108829 2509768626 2003759933 4043971763 2790185451 548175697 3917535409 54929383 830750123 4248625694 4191919869 937092786 3947293495 725660478 3701670270 96575800 3470082996 1434308420 690616566 3921721651 
3 2 4 0 1021 11
1526824683 226456056 3147639094 1368511782 2167358012 4279273267 1119925729 3118457726 1404151423 1387463410 3721472439 4068771459 1980160170 1707916717 2343955157 66122212 1129990110 766347264 3626826558 970842575 628597261 3811301878 
715825901 2591490475 1586204465 1910126443 682994334 4204749867 87551180 3038384818 3587879820 3598451765 125203454 2789216924 1009455384 2227844733 1976627492 1476298527 3775965868 1871731157 2370594888 688101071 3292323983 80872313 
5 0 3 6 1021 11
1179460297 1494551022 3670849295 2637803738 458341780 3075840875 2804767013 2283591114 1421850862 1981613406 9186265 1010048627 230303807 3915847796 2896977839 1516013116 3513730664 165342423 2054521810 4228120846 3611807218 3617457401 
357673292 1466577391 2499935144 3424309564 1525206548 3516905659 1875552123 4088485060 2885664383 1903692658 1524943600 1157510258 1513982561 558440657 2275005071 2572834223 3988194362 792423621 1469402000 3771063576 1780691694 142073104 
7 0 3 1 1021 11
3556751522 3484719650 671824178 3319521860 838421602 766451983 2874591529 85440916 2040202540 2833450732 3092117673 4250484897 2060264553 198709419 2828998263 281412247 544172608 1373590276 3926061069 2585324984 610007076 224165705 
1154834227 1851870112 1541823171 2235289779 3390863011 2274884043 514926763 2765847079 3522044743 4098225407 2947838966 1432113624 4279485129 1276033990 842381825 1931265665 596438103 2426820143 946699108 1931218470 987418072 3001168098 
8 2 3 2 1021 11
3567345210 2679409533 2773588871 3844446786 604161542 277310905 3035351767 2711683886 1077110952 2442916939 130958551 1941810454 4017140511 1162115131 2634547088 1571943116 3938578984 333601188 1842379811 3829630815 1193320040 3984520728 
1513574716 1017849466 2578629305 2748734285 1354369728 403562598 2672805499 302844983 1227550736 1884760157 1389265531 438419450 2956384745 2125250039 394965063 524449019 3537183334 3111748033 1858942830 3409998671 2825739383 4280393434 
12 1 3 2 1021 11
487752139 3326706216 1258504383 2656483405 3395456809 2155322857 2972037555 3249597488 1781727190 3051634080 179485632 4072098495 685326479 1868083127 231905905 1000696493 1514802377 1657742461 2142996824 2254877410 2356183044 1576709736 
571706458 2832723463 1622866043 4292424451 1933350765 446275841 2921832199 1497964639 1390778649 710536708 1023228407 4145371127 2411288179 382370720 374441779 3642053359 322521880 2529861865 3138700312 3165712153 3701759240 2849863649 
3 2 9 1 1021 11
2825389896 4026511046 2606410852 1937541546 518102135 443433546 2395285689 482149995 1013824162 1999177977 3142725917 1364407410 3055856521 4202202019 1183327606 1321186956 4218354860 512939710 1195975974 1351866707 1225053287 3656417962 
1673164172 1368605537 4252404323 4052061065 1339157699 1347197640 3953485656 257093569 1249070876 1178029276 2646688691 719935311 3893685184 467009866 538428986 1799110074 2970299310 1366429312 407740845 2970846552 3850676210 1173152802 
3 2 8 2 1021 11
3567345210 2679409533 2773588871 3844446786 604161542 277310905 3035351767 2711683886 1077110952 2442916939 130958551 1941810454 4017140511 1162115131 2634547088 1571943116 3938578984 333601188 1842379811 3829630815 1193320040 3984520728 
1513574716 1017849466 2578629305 2748734285 1354369728 403562598 2672805499 302844983 1227550736 1884760157 1389265531 438419450 2956384745 2125250039 394965063 524449019 3537183334 3111748033 1858942830 3409998671 2825739383 4280393434 
3 2 12 1 1021 11
487752139 3326706216 1258504383 2656483405 3395456809 2155322857 2972037555 3249597488 1781727190 3051634080 179485632 4072098495 685326479 1868083127 231905905 1000696493 1514802377 1657742461 2142996824 2254877410 2356183044 1576709736 
571706458 2832723463 1622866043 4292424451 1933350765 446275841 2921832199 1497964639 1390778649 710536708 1023228407 4145371127 2411288179 382370720 374441779 3642053359 322521880 2529861865 3138700312 3165712153 3701759240 2849863649 
9 1 3 2 1021 11
2825389896 4026511046 2606410852 1937541546 518102135 443433546 2395285689 482149995 1013824162 1999177977 3142725917 1364407410 3055856521 4202202019 1183327606 1321186956 4218354860 512939710 1195975974 1351866707 1225053287 3656417962 
1673164172 1368605537 4252404323 4052061065 1339157699 1347197640 3953485656 257093569 1249070876 1178029276 2646688691 719935311 3893685184 467009866 538428986 1799110074 2970299310 1366429312 407740845 2970846552 3850676210 1173152802 
10 1 3 2 1021 11
3497426341 3213266248 1379420628 1062734255 1295902527 3663398902 717776401 385305729 407558579 2999585266 832175522 2247984418 2780529834 3959536109 3761385180 1955822036 3536085989 296937006 3496864007 1832723547 3416229284 4271288838 
829174371 164225207 947689948 3544799714 494987548 139986795 1534268193 474907537 2974323034 2420379741 3393027500 1860606390 3693954065 475106177 31811471 1781402153 1297713037 2361852728 481145380 3058096098 2761207489 2912777048 
17 1 3 2 1021 11
1943519340 193577200 1765635691 3358280252 2200392742 3936297370 1025112238 51309625 2232261417 1398062357 518287023 1023487952 3267833447 1623818422 2021997222 2633801743 3355075264 1615738675 121257116 3543086018 329313446 277101224 
530288619 352655036 3910088072 200105327 2235785789 1740151201 2979423860 3168098802 1323013895 3881847138 191611247 3000453187 467638509 304270869 957042568 2688880105 365285101 2970501141 3788808503 2569666333 1614973048 345851015 
3 2 11 1 1021 11
1813906243 3816423377 3071518789 2653285156 3284842802 3726515450 2324727735 1637984551 2806353625 1287083618 4157716723 2876232011 1543119748 996276023 3994734293 2387171956 372831007 4291551834 3675944033 3666441686 1666550096 2383368940 
3342985050 232800245 3705014480 2279127490 2976458260 3054489170 2756878864 214000902 3958906842 4261645168 4170160865 1254136568 2179358647 2034909902 3713311452 4010871754 2817107259 4271302965 535990274 2659297784 4246729138 3675251788 
3 2 10 1 1021 11
3497426341 3213266248 1379420628 1062734255 1295902527 3663398902 717776401 385305729 407558579 2999585266 832175522 2247984418 2780529834 3959536109 3761385180 1955822036 3536085989 296937006 3496864007 1832723547 3416229284 4271288838 
829174371 164225207 947689948 3544799714 494987548 139986795 1534268193 474907537 2974323034 2420379741 3393027500 1860606390 3693954065 475106177 31811471 1781402153 1297713037 2361852728 481145380 3058096098 2761207489 2912777048 
3 2 17 1 1021 11
1943519340 193577200 1765635691 3358280252 2200392742 3936297370 1025112238 51309625 2232261417 1398062357 518287023 1023487952 3267833447 1623818422 2021997222 2633801743 3355075264 1615738675 121257116 3543086018 329313446 277101224 
530288619 352655036 3910088072 200105327 2235785789 1740151201 2979423860 3168098802 1323013895 3881847138 191611247 3000453187 467638509 304270869 957042568 2688880105 365285101 2970501141 3788808503 2569666333 1614973048 345851015 
11 1 3 2 1021 11
1813906243 3816423377 3071518789 2653285156 3284842802 3726515450 2324727735 1637984551 2806353625 1287083618 4157716723 2876232011 1543119748 996276023 3994734293 2387171956 372831007 4291551834 3675944033 3666441686 1666550096 2383368940 
3342985050 232800245 3705014480 2279127490 2976458260 3054489170 2756878864 214000902 3958906842 4261645168 4170160865 1254136568 2179358647 2034909902 3713311452 4010871754 2817107259 4271302965 535990274 2659297784 4246729138 3675251788 
9 1 4 0 1021 11
2777142690 3578622312 3354533930 3639560927 3975573956 2219860480 1370135415 389434053 1776398889 2064683374 1153013819 2065583226 1812915058 4290859695 782713341 3493964355 324054995 3541760053 1851794195 938246393 166334321 2650588479 
39199841 712437972 466237824 821557513 3235922569 2688818892 2423979480 2844391206 2560544561 3338949523 3847633545 727772268 913744992 841576712 3652908322 4040209487 2111179902 876025285 1987323394 1092077773 795986049 3852618580 
4 3 14 0 1021 11
1350074626 504814160 1050771667 3027781421 139672905 2335002584 1858367363 1139356205 2061258929 1213118783 3134831188 2444294417 69928527 3458882278 4056868010 3673537630 413932928 2078008955 3580056840 1079807989 1024086484 3424809502 
3420120297 126799867 3630829547 581221829 2676089751 3950270089 523098496 2822414895 3876428680 1461391108 1963480412 1614718469 1759188050 1656783027 1542291616 526809568 116139368 3887577036 2851915719 530617344 3086843269 2153460216 
4 0 12 1 1021 11
3925654214 2644337963 213399744 1182045307 1038357257 1885978492 2833758150 1296172175 2541452777 1144128586 3570344247 1548386228 554872200 2975841292 728598605 1661724256 1483818027 675801910 1587701456 824777672 2603324851 657103954 
542776499 1073752487 4080784745 1415870033 3570832904 662148981 1308822191 1056999385 14414043 2943675562 2277740712 1836619017 2122450889 1560543289 4108038512 3104004898 3388368608 682922540 2126031886 1580123127 2636595479 3097869728 
4 0 11 1 1021 11
1561084420 4124058456 583994911 650092904 4246248569 2037137033 2719915693 3385033157 2838101439 146247126 4268182759 2520217371 3402544740 3756263942 2202915408 700246247 604399304 2359863865 3919686635 520996073 1614636614 3184433460 
1549917758 1745067109 1467059083 2686883401 3923057563 1464891247 1321863129 1174904809 1028831836 957232649 1031539692 1891808779 4042078627 3330963142 3088416239 172943894 1470873978 534613250 3872678321 2860926390 3927303221 2240805242 
4 0 2 1 1021 11
2017083258 3498064015 957814285 1406292404 3857263162 4142265037 2751527936 2353042167 2528783642 3942610591 3070214710 4073738739 1003387993 2276310726 3747593171 3892633821 4064201620 2573604464 2581255158 3680278164 2774616453 245139832 
2427359630 3627137888 427615958 2811847600 1251573344 1825580257 2224028536 2517078733 4166835228 223220046 3383939992 4105914168 2310877501 2281582119 225599672 2444546821 1283136525 3354888338 2270171944 2907331899 2319080668 3277001159 
4 0 10 1 1021 11
2818559367 2527400245 3155340499 99707813 2804271689 1610268167 1827822604 3471214037 3516404557 3093921785 2451317036 1055294650 221425436 299233071 3687502226 1411371 1621379533 3915420070 3191627987 3770689494 3063006754 1840522585 
3489356189 2317583032 3437366280 3712621650 2274161044 1163981617 3051118789 3574978645 1552704461 365098364 3649226170 3014345134 1836368300 1397594575 3600936833 2102006605 1874449871 3210343432 607131749 3369014326 1748172396 1291412242 
4 0 9 1 1021 11
2777142690 3578622312 3354533930 3639560927 3975573956 2219860480 1370135415 389434053 1776398889 2064683374 1153013819 2065583226 1812915058 4290859695 782713341 3493964355 324054995 3541760053 1851794195 938246393 166334321 2650588479 
39199841 712437972 466237824 821557513 3235922569 2688818892 2423979480 2844391206 2560544561 3338949523 3847633545 727772268 913744992 841576712 3652908322 4040209487 2111179902 876025285 1987323394 1092077773 795986049 3852618580 
4 0 8 2 1021 11
4087881018 1300046189 3114797460 322158109 3133932012 2992470830 828622087 376686353 2550700047 3177595397 1776148393 4162217039 4141304757 4287604003 2192315386 1451652245 2936980273 1893330943 1288337673 813811929 717514633 1723872109 
1247088893 2012176251 1070987789 932661627 2059211715 480213164 3607477997 3853458236 4001579010 3140561965 1604933607 905790370 2177037883 2299378951 1221338206 923547190 1702512061 217454949 4280141544 1034244657 1914068907 3684354459 
4 0 8 1 1021 11
419974772 3270987116 792761132 1601060784 4266590793 42042950 3687810388 1666417521 1487221644 732599631 2081277928 2628789383 152304798 3519923498 1256968223 1120390580 2749559320 134450084 2933751869 2281039779 946310928 3191521159 
1183597224 699325454 151806993 1114063304 2919953250 4195812765 3098559143 3640699072 65967308 3999105117 14801648 3105726712 2792067052 1954150169 4198552916 2116528884 2132138750 4076762461 3470765807 704405955 2609733901 1685905061 
4 0 17 1 1021 11
876407317 587757008 3360329639 2593364929 227301627 3154200326 3010999592 1287655557 3345138979 2925942203 3120688807 734801271 4092254065 3448082437 3476930816 8907247 370280003 151729824 2084848218 2431610079 1452327403 3125978544 
1140097379 3661867817 4200546947 2887246152 502117470 3215829250 1651127678 3750052764 3741184813 154614260 3984154013 2443580934 3196282925 3304160647 864733261 1773244693 3556219991 1193630712 3156829379 411159452 3355674382 4210381976 
17 1 4 0 1021 11
876407317 587757008 3360329639 2593364929 227301627 3154200326 3010999592 1287655557 3345138979 2925942203 3120688807 734801271 4092254065 3448082437 3476930816 8907247 370280003 151729824 2084848218 2431610079 1452327403 3125978544 
1140097379 3661867817 4200546947 2887246152 502117470 3215829250 1651127678 3750052764 3741184813 154614260 3984154013 2443580934 3196282925 3304160647 864733261 1773244693 3556219991 1193630712 3156829379 411159452 3355674382 4210381976 
8 2 4 0 1021 11
4087881018 1300046189 3114797460 322158109 3133932012 2992470830 828622087 376686353 2550700047 3177595397 1776148393 4162217039 4141304757 4287604003 2192315386 1451652245 2936980273 1893330943 1288337673 813811929 717514633 1723872109 
1247088893 2012176251 1070987789 932661627 2059211715 480213164 3607477997 3853458236 4001579010 3140561965 1604933607 905790370 2177037883 2299378951 1221338206 923547190 1702512061 217454949 4280141544 1034244657 1914068907 3684354459 
8 1 4 0 1021 11
419974772 3270987116 792761132 1601060784 4266590793 42042950 3687810388 1666417521 1487221644 732599631 2081277928 2628789383 152304798 3519923498 1256968223 1120390580 2749559320 134450084 2933751869 2281039779 946310928 3191521159 
1183597224 699325454 151806993 1114063304 2919953250 4195812765 3098559143 3640699072 65967308 3999105117 14801648 3105726712 2792067052 1954150169 4198552916 2116528884 2132138750 4076762461 3470765807 704405955 2609733901 1685905061 
11 1 4 0 1021 11
1561084420 4124058456 583994911 650092904 4246248569 2037137033 2719915693 3385033157 2838101439 146247126 4268182759 2520217371 3402544740 3756263942 2202915408 700246247 604399304 2359863865 3919686635 520996073 1614636614 3184433460 
1549917758 1745067109 1467059083 2686883401 3923057563 1464891247 1321863129 1174904809 1028831836 957232649 1031539692 1891808779 4042078627 3330963142 3088416239 172943894 1470873978 534613250 3872678321 2860926390 3927303221 2240805242 
10 1 4 0 1021 11
2818559367 2527400245 3155340499 99707813 2804271689 1610268167 1827822604 3471214037 3516404557 3093921785 2451317036 1055294650 221425436 299233071 3687502226 1411371 1621379533 3915420070 3191627987 3770689494 3063006754 1840522585 
3489356189 2317583032 3437366280 3712621650 2274161044 1163981617 3051118789 3574978645 1552704461 365098364 3649226170 3014345134 1836368300 1397594575 3600936833 2102006605 1874449871 3210343432 607131749 3369014326 1748172396 1291412242 
14 0 4 3 1021 11
1350074626 504814160 1050771667 3027781421 139672905 2335002584 1858367363 1139356205 2061258929 1213118783 3134831188 2444294417 69928527 3458882278 4056868010 3673537630 413932928 2078008955 3580056840 1079807989 1024086484 3424809502 
3420120297 126799867 3630829547 581221829 2676089751 3950270089 523098496 2822414895 3876428680 1461391108 1963480412 1614718469 1759188050 1656783027 1542291616 526809568 116139368 3887577036 2851915719 530617344 3086843269 2153460216 
12 1 4 0 1021 11
3925654214 2644337963 213399744 1182045307 1038357257 1885978492 2833758150 1296172175 2541452777 1144128586 3570344247 1548386228 554872200 2975841292 728598605 1661724256 1483818027 675801910 1587701456 824777672 2603324851 657103954 
542776499 1073752487 4080784745 1415870033 3570832904 662148981 1308822191 1056999385 14414043 2943675562 2277740712 1836619017 2122450889 1560543289 4108038512 3104004898 3388368608 682922540 2126031886 1580123127 2636595479 3097869728 
2 1 4 0 1021 11
2017083258 3498064015 957814285 1406292404 3857263162 4142265037 2751527936 2353042167 2528783642 3942610591 3070214710 4073738739 1003387993 2276310726 3747593171 3892633821 4064201620 2573604464 2581255158 3680278164 2774616453 245139832 
2427359630 3627137888 427615958 2811847600 1251573344 1825580257 2224028536 2517078733 4166835228 223220046 3383939992 4105914168 2310877501 2281582119 225599672 2444546821 1283136525 3354888338 2270171944 2907331899 2319080668 3277001159 
10 1 9 1 1021 11
4234172409 3870147113 2021872180 1837601919 2734871585 1742631660 3500003985 3334496123 2437795135 1767162512 2730255652 105991479 1981898225 1056110039 1251429696 3555550657 770364075 907859420 1259273083 2983994570 2205292815 3433240417 
2880018325 3411999782 3091453717 3929457536 1443813555 1320691283 3260728408 103896067 3346600727 1579896937 3778468331 2685678948 1998893939 1092107285 73911212 2820619163 4257166688 982186500 3602821246 47272552 1158890071 558298390 
15 0 9 2 1021 11
2033598352 1154996406 660686573 3691792762 219908535 3101215569 4116375379 2395403780 3049384785 2758530042 1143303332 4286518901 1930399956 1941478226 32081741 939579437 365644211 2564555525 995799223 175561812 1479213301 3379822773 
2690720298 3947011198 2921937517 1813862874 465977616 343647960 2200741751 2176519314 3608630620 163852486 1256165086 4072188069 2600522577 2937739833 1037009271 788395439 2051271514 145623207 4279230004 1306754579 1089241989 1788701811 
9 2 15 0 1021 11
2033598352 1154996406 660686573 3691792762 219908535 3101215569 4116375379 2395403780 3049384785 2758530042 1143303332 4286518901 1930399956 1941478226 32081741 939579437 365644211 2564555525 995799223 175561812 1479213301 3379822773 
2690720298 3947011198 2921937517 1813862874 465977616 343647960 2200741751 2176519314 3608630620 163852486 1256165086 4072188069 2600522577 2937739833 1037009271 788395439 2051271514 145623207 4279230004 1306754579 1089241989 1788701811 
9 1 11 1 1021 11
2397816810 3564155518 3056155716 2514052681 2141022882 749950887 3084790394 265261358 3100778925 3373577679 3958846339 1411147333 3253117945 1599312466 2256985490 877773452 482171919 3782696071 468264483 982427065 2208638348 2817047188 
966180939 2768761324 2836393686 2379487393 3743674572 2829836569 3322362784 2574031571 1290551755 1994142206 2779674991 3347482725 753457241 1858125888 2966659456 1476101764 2770693312 3064751899 3265062628 1703125724 530748756 326027373 
9 1 2 1 1021 11
12186293 2661650384 1466045056 2939884239 528741021 3105267463 1683916686 1883413645 2412330073 3672526922 3469542653 4288043441 1181440028 2834987220 1257097578 15639866 275759330 552804733 1557440106 584776197 3269673417 2588572360 
2350455602 387681336 354127269 1424493158 1398498978 376543752 2316577320 1505074568 2970862776 1389986972 1450775790 3279367561 3775688903 2158036159 355950542 4272384992 4088646136 1769446674 1637361994 2567112462 1076226393 1319929887 
9 1 12 1 1021 11
2867159059 2201078371 1544124487 1335828644 288668604 3935267365 1718541009 3396624611 1995274796 3045287562 88735072 1080998750 3359969934 228940755 2314626840 3567461710 712549971 3549859607 3332924114 2150568240 2436250432 2750259887 
2790614301 3228215802 2879066685 2387953818 1946098383 4095037785 254357926 1727701998 1369166855 822619397 2391652691 958818520 1511486247 3272711093 304304943 2404946180 2896439735 1276611687 917894391 3149699925 887270354 2724722946 
9 1 10 1 1021 11
4234172409 3870147113 2021872180 1837601919 2734871585 1742631660 3500003985 3334496123 2437795135 1767162512 2730255652 105991479 1981898225 1056110039 1251429696 3555550657 770364075 907859420 1259273083 2983994570 2205292815 3433240417 
2880018325 3411999782 3091453717 3929457536 1443813555 1320691283 3260728408 103896067 3346600727 1579896937 3778468331 2685678948 1998893939 1092107285 73911212 2820619163 4257166688 982186500 3602821246 47272552 1158890071 558298390 
9 1 8 1 1021 11
1384619163 3397891631 20169855 306445675 2489588837 1790956150 3679645274 203476439 3226027785 3308700533 4076582169 1565802370 4017352316 3626216663 2005888303 776582643 1776915543 2591775001 3120696060 2600034021 935144924 2877000845 
2704403619 151345815 2769461103 907839141 1884403714 769241996 2643701775 4290747171 3035836566 964264737 4009068590 3862524757 1903645575 2878984779 1922237757 3619447748 2146686211 3360785615 3735366738 1088908029 3243111934 1628351849 
9 1 17 1 1021 11
3276099071 3372775907 2676164913 3170606072 1750148339 1163081205 1813188989 1151473142 1789443434 2703565895 590005875 1326722463 4130958357 219474272 3289215178 3875820963 2336488896 369925725 2982411204 2120363273 3807606276 3680543752 
2154522804 2900851748 3254293093 1387281791 814421262 3660743913 3293406781 1574152061 125425000 4197039792 3167641886 3185477715 3612774157 1117831960 2818904045 1995140089 4084677050 1777041666 1493603249 1302804883 2162884019 308752690 
2 1 9 1 1021 11
12186293 2661650384 1466045056 2939884239 528741021 3105267463 1683916686 1883413645 2412330073 3672526922 3469542653 4288043441 1181440028 2834987220 1257097578 15639866 275759330 552804733 1557440106 584776197 3269673417 2588572360 
2350455602 387681336 354127269 1424493158 1398498978 376543752 2316577320 1505074568 2970862776 1389986972 1450775790 3279367561 3775688903 2158036159 355950542 4272384992 4088646136 1769446674 1637361994 2567112462 1076226393 1319929887 
17 1 9 1 1021 11
3276099071 3372775907 2676164913 3170606072 1750148339 1163081205 1813188989 1151473142 1789443434 2703565895 590005875 1326722463 4130958357 219474272 3289215178 3875820963 2336488896 369925725 2982411204 2120363273 3807606276 3680543752 
2154522804 2900851748 3254293093 1387281791 814421262 3660743913 3293406781 1574152061 125425000 4197039792 3167641886 3185477715 3612774157 1117831960 2818904045 1995140089 4084677050 1777041666 1493603249 1302804883 2162884019 308752690 
8 1 9 1 1021 11
1384619163 3397891631 20169855 306445675 2489588837 1790956150 3679645274 203476439 3226027785 3308700533 4076582169 1565802370 4017352316 3626216663 2005888303 776582643 1776915543 2591775001 3120696060 2600034021 935144924 2877000845 
2704403619 151345815 2769461103 907839141 1884403714 769241996 2643701775 4290747171 3035836566 964264737 4009068590 3862524757 1903645575 2878984779 1922237757 3619447748 2146686211 3360785615 3735366738 1088908029 3243111934 1628351849 
11 1 9 1 1021 11
2397816810 3564155518 3056155716 2514052681 2141022882 749950887 3084790394 265261358 3100778925 3373577679 3958846339 1411147333 3253117945 1599312466 2256985490 877773452 482171919 3782696071 468264483 982427065 2208638348 2817047188 
966180939 2768761324 2836393686 2379487393 3743674572 2829836569 3322362784 2574031571 1290551755 1994142206 2779674991 3347482725 753457241 1858125888 2966659456 1476101764 2770693312 3064751899 3265062628 1703125724 530748756 326027373 
12 1 9 1 1021 11
2867159059 2201078371 1544124487 1335828644 288668604 3935267365 1718541009 3396624611 1995274796 3045287562 88735072 1080998750 3359969934 228940755 2314626840 3567461710 712549971 3549859607 3332924114 2150568240 2436250432 2750259887 
2790614301 3228215802 2879066685 2387953818 1946098383 4095037785 254357926 1727701998 1369166855 822619397 2391652691 958818520 1511486247 3272711093 304304943 2404946180 2896439735 1276611687 917894391 3149699925 887270354 2724722946 
13 0 8 3 1021 11
986498087 3032859047 3061211668 3575517280 1197771034 1325560141 3450451339 3057005613 220106998 2155807012 2985052970 2401136380 3159392578 3492384332 495800808 2938888422 239154537 4086538177 1906474925 76626985 4154872662 826681939 
2040715794 4230707059 747003470 3375217508 3542931099 1608370699 1299971097 1680560469 655879442 792121510 3739481967 2849753380 3668812350 3862616784 2710238032 2741983711 4014936805 1319312577 126449358 2568954367 1340963498 1489577410 
8 3 13 0 1021 11
986498087 3032859047 3061211668 3575517280 1197771034 1325560141 3450451339 3057005613 220106998 2155807012 2985052970 2401136380 3159392578 3492384332 495800808 2938888422 239154537 4086538177 1906474925 76626985 4154872662 826681939 
2040715794 4230707059 747003470 3375217508 3542931099 1608370699 1299971097 1680560469 655879442 792121510 3739481967 2849753380 3668812350 3862616784 2710238032 2741983711 4014936805 1319312577 126449358 2568954367 1340963498 1489577410 
8 2 12 1 1021 11
1298061443 346040552 1343970862 2333083632 3475224478 1328132919 645701993 2678061289 3903201208 2681895126 2420381633 1544064667 1488625953 4030896326 696479683 3434006861 269461661 1862337393 1592406210 2568881689 3255110062 625316385 
445947281 1604951870 4118208678 171826089 3614481030 3445690084 3815826404 3561711489 2285579279 3041275721 4216450258 2535694483 3537764160 1759989516 3166518722 1030225501 449081505 448555854 2160665776 298791369 24677949 1190375825 
8 2 10 1 1021 11
2845325294 1867313757 3542874625 3144702613 4077142570 2737899311 749420086 1312497949 3396628444 1630624862 804046808 2194336428 713640265 1713147977 3986269361 830556412 2396761189 243225467 2718706523 2013673822 2940458123 3677059255 
1369967545 4217830223 2298779895 3347019474 3880668497 210161811 1609390366 2751940833 113081811 3166633828 3799490783 3922530185 1239661355 618430373 3319093004 2643329306 1115582338 1707371660 2552912383 2133000022 971141044 3951952523 
8 1 12 1 1021 11
2300081409 2999499648 2465609384 1449734200 3716537443 3460993889 3651856349 2280737686 1811313834 3232781170 3749438593 1435764697 2677690177 3489590996 2492722473 4111195485 3627611987 4095261009 1819251787 3861340344 1259008743 2957286780 
305454902 746219217 3050522591 1288190558 1064581219 1996006250 2628074247 3639363297 2081824569 2138186131 4228705582 1242268183 4294168005 3840675549 221468406 814895120 528573276 28319293 1950237197 1957536686 418522266 2288249606 
8 1 11 1 1021 11
1984945855 2966877585 22439547 2900085713 297066359 3535455903 3000159138 2807194052 33572656 2373926055 937144301 887933992 2212697624 3825626322 1016412405 1513044328 172569587 320011011 917328625 2843122220 2771379245 641880304 
972291244 1398734407 176955349 3632003285 899324363 3266898345 1298037066 3987669331 2378124831 276734390 2121382243 3667862471 3126737441 870539906 4127215009 3714144276 3635226397 4203719957 2798470469 277912708 188861630 159079223 
8 1 10 1 1021 11
605213130 2009914167 3023919683 1246511637 1483518949 3482626994 1418199414 690322772 3555158667 3837398469 3265583614 2416349073 1742176607 1298855584 3110136548 4102512637 200160740 3248195640 743533258 478097319 834080689 1219018300 
3086094866 3120384077 3357121908 2971282646 4239993322 755444043 744925087 3321217475 2564181525 634243620 700025219 1321553895 915605113 3699163733 3592631872 2678050000 493482455 2956530563 1128847408 2278956374 81326950 2633726520 
8 1 17 1 1021 11
505062400 4212451537 2064327040 3259643370 3744389761 278989364 205615516 2116829188 1129121225 2940844258 2017288467 4126051467 3169019733 770872592 305397608 999227681 1108241367 169028245 4010281388 815480347 2380260426 2733107878 
1892589128 1382443631 1478850690 312568442 3617312150 41127547 4084387667 1304072288 1301491928 1076850946 1706054873 81413352 3792477648 1210348082 1953437489 664527952 3238811711 3640621205 2464782743 998749596 903306810 1446533765 
11 1 8 1 1021 11
1984945855 2966877585 22439547 2900085713 297066359 3535455903 3000159138 2807194052 33572656 2373926055 937144301 887933992 2212697624 3825626322 1016412405 1513044328 172569587 320011011 917328625 2843122220 2771379245 641880304 
972291244 1398734407 176955349 3632003285 899324363 3266898345 1298037066 3987669331 2378124831 276734390 2121382243 3667862471 3126737441 870539906 4127215009 3714144276 3635226397 4203719957 2798470469 277912708 188861630 159079223 
17 1 8 1 1021 11
505062400 4212451537 2064327040 3259643370 3744389761 278989364 205615516 2116829188 1129121225 2940844258 2017288467 4126051467 3169019733 770872592 305397608 999227681 1108241367 169028245 4010281388 815480347 2380260426 2733107878 
1892589128 1382443631 1478850690 312568442 3617312150 41127547 4084387667 1304072288 1301491928 1076850946 1706054873 81413352 3792477648 1210348082 1953437489 664527952 3238811711 3640621205 2464782743 998749596 903306810 1446533765 
12 1 8 2 1021 11
1298061443 346040552 1343970862 2333083632 3475224478 1328132919 645701993 2678061289 3903201208 2681895126 2420381633 1544064667 1488625953 4030896326 696479683 3434006861 269461661 1862337393 1592406210 2568881689 3255110062 625316385 
445947281 1604951870 4118208678 171826089 3614481030 3445690084 3815826404 3561711489 2285579279 3041275721 4216450258 2535694483 3537764160 1759989516 3166518722 1030225501 449081505 448555854 2160665776 298791369 24677949 1190375825 
12 1 8 1 1021 11
2300081409 2999499648 2465609384 1449734200 3716537443 3460993889 3651856349 2280737686 1811313834 3232781170 3749438593 1435764697 2677690177 3489590996 2492722473 4111195485 3627611987 4095261009 1819251787 3861340344 1259008743 2957286780 
305454902 746219217 3050522591 1288190558 1064581219 1996006250 2628074247 3639363297 2081824569 2138186131 4228705582 1242268183 4294168005 3840675549 221468406 814895120 528573276 28319293 1950237197 1957536686 418522266 2288249606 
10 1 8 2 1021 11
2845325294 1867313757 3542874625 3144702613 4077142570 2737899311 749420086 1312497949 3396628444 1630624862 804046808 2194336428 713640265 1713147977 3986269361 830556412 2396761189 243225467 2718706523 2013673822 2940458123 3677059255 
1369967545 4217830223 2298779895 3347019474 3880668497 210161811 1609390366 2751940833 113081811 3166633828 3799490783 3922530185 1239661355 618430373 3319093004 2643329306 1115582338 1707371660 2552912383 2133000022 971141044 3951952523 
10 1 8 1 1021 11
605213130 2009914167 3023919683 1246511637 1483518949 3482626994 1418199414 690322772 3555158667 3837398469 3265583614 2416349073 1742176607 1298855584 3110136548 4102512637 200160740 3248195640 743533258 478097319 834080689 1219018300 
3086094866 3120384077 3357121908 2971282646 4239993322 755444043 744925087 3321217475 2564181525 634243620 700025219 1321553895 915605113 3699163733 3592631872 2678050000 493482455 2956530563 1128847408 2278956374 81326950 2633726520 
17 1 12 1 1021 11
2167581830 2566481757 3953199755 1458765316 715062404 545683432 2601644481 84346739 2347153074 2780141755 1366396017 216219788 3229270305 1977651276 85513974 2103865958 2269014415 2670923742 2692483597 35098009 770437890 4139551644 
2046607877 543213619 2229841089 3833509269 854573747 2914457765 2521203169 1070862896 2202900016 4230836668 807769005 1491157923 1979283376 3263036520 3620123351 3097495922 3795941753 2881918896 1058876260 2693017500 1884927214 2609678720 
10 1 12 1 1021 11
1482358394 3001854771 2796746434 3199106059 2739721357 135404952 4076148156 1390615767 80014939 1064588642 1566250583 2282671797 546688005 6971143 2434507006 1456079142 374412981 2240660919 946526854 3134616558 1364704912 719324709 
4012223692 1579487981 3991702067 1586717678 1101375883 3563087894 1601551212 2399075708 1676514681 136087092 113692962 3452993772 472077939 1500262925 503818336 1642956476 836928733 4152555743 1002498372 3700953014 718961811 796334250 
12 3 18 0 1021 11
567196974 2682261475 2542786734 1349128249 2124741476 1110443903 3956247304 631431104 1654127060 2316256402 3889042627 453158987 2571770307 2698888345 2390240163 1074298715 483554036 1966039604 2324545693 4257202727 1172457431 2290773243 
1507609628 2211325794 1152189792 2304412104 1237382144 3735834417 3726907904 2421837199 1948065653 313130398 1876182256 2349967552 1230170686 817670917 1407741071 1799954704 2891226268 3021740057 3414419674 4136773425 274777173 1492570456 
12 2 19 0 1021 11
2807827316 1494467342 3731350366 2384487788 827931665 3382465780 663271965 339308418 1852603960 515622875 1421198170 335688438 3249637381 3774348010 2469531122 1027894662 3337034919 1145996146 3975348349 78364910 3617286072 3527089041 
899461572 3089778170 3072466653 2225318856 3842466218 3162946158 3684161216 2641988973 1513682551 4200733960 1506758022 456346867 2927808930 3166643750 171110845 2411177023 2683394494 1115297702 4283421162 1846730964 1134582824 4166574197 
12 1 11 1 1021 11
3306833307 1631286840 2806855379 521711017 2913577829 3748504998 3611289632 1672603930 2925831026 2481975669 1341087026 3505764375 3581555949 3598181256 2023114517 1186345056 1880398307 132693487 4135715364 1203635640 101523538 2732894503 
1322076139 54836187 2008038373 4026023196 2322034168 1654271827 252441009 4177579357 1856312038 612080314 3662359618 1398099744 1425457636 3813156621 3998047175 2811080172 3935761580 2438488980 3942013122 3845463887 815040314 2619864398 
12 1 2 1 1021 11
2352623821 3590831457 2345555428 2216521812 2624529717 314375665 195445382 3209564932 2551206176 3990979731 427205882 3073366495 150133401 1843520328 2325133010 1930169619 2993362279 2638600861 2548954583 3677774586 2996007424 2813636082 
118888249 1994590955 1575334122 2128715091 3782559701 346037715 1247667558 1011153966 2730956369 2420956176 3066416067 3951708430 1861276138 1610622613 3727797132 3842353602 1694860232 2370937821 2124849639 3475390434 2666568731 2522299186 
12 1 10 1 1021 11
1482358394 3001854771 2796746434 3199106059 2739721357 135404952 4076148156 1390615767 80014939 1064588642 1566250583 2282671797 546688005 6971143 2434507006 1456079142 374412981 2240660919 946526854 3134616558 1364704912 719324709 
4012223692 1579487981 3991702067 1586717678 1101375883 3563087894 1601551212 2399075708 1676514681 136087092 113692962 3452993772 472077939 1500262925 503818336 1642956476 836928733 4152555743 1002498372 3700953014 718961811 796334250 
12 1 17 1 1021 11
2167581830 2566481757 3953199755 1458765316 715062404 545683432 2601644481 84346739 2347153074 2780141755 1366396017 216219788 3229270305 1977651276 85513974 2103865958 2269014415 2670923742 2692483597 35098009 770437890 4139551644 
2046607877 543213619 2229841089 3833509269 854573747 2914457765 2521203169 1070862896 2202900016 4230836668 807769005 1491157923 1979283376 3263036520 3620123351 3097495922 3795941753 2881918896 1058876260 2693017500 1884927214 2609678720 
11 1 12 1 1021 11
3306833307 1631286840 2806855379 521711017 2913577829 3748504998 3611289632 1672603930 2925831026 2481975669 1341087026 3505764375 3581555949 3598181256 2023114517 1186345056 1880398307 132693487 4135715364 1203635640 101523538 2732894503 
1322076139 54836187 2008038373 4026023196 2322034168 1654271827 252441009 4177579357 1856312038 612080314 3662359618 1398099744 1425457636 3813156621 3998047175 2811080172 3935761580 2438488980 3942013122 3845463887 815040314 2619864398 
19 0 12 2 1021 11
2807827316 1494467342 3731350366 2384487788 827931665 3382465780 663271965 339308418 1852603960 515622875 1421198170 335688438 3249637381 3774348010 2469531122 1027894662 3337034919 1145996146 3975348349 78364910 3617286072 3527089041 
899461572 3089778170 3072466653 2225318856 3842466218 3162946158 3684161216 2641988973 1513682551 4200733960 1506758022 456346867 2927808930 3166643750 171110845 2411177023 2683394494 1115297702 4283421162 1846730964 1134582824 4166574197 
18 0 12 3 1021 11
567196974 2682261475 2542786734 1349128249 2124741476 1110443903 3956247304 631431104 1654127060 2316256402 3889042627 453158987 2571770307 2698888345 2390240163 1074298715 483554036 1966039604 2324545693 4257202727 1172457431 2290773243 
1507609628 2211325794 1152189792 2304412104 1237382144 3735834417 3726907904 2421837199 1948065653 313130398 1876182256 2349967552 1230170686 817670917 1407741071 1799954704 2891226268 3021740057 3414419674 4136773425 274777173 1492570456 
2 1 12 1 1021 11
2352623821 3590831457 2345555428 2216521812 2624529717 314375665 195445382 3209564932 2551206176 3990979731 427205882 3073366495 150133401 1843520328 2325133010 1930169619 2993362279 2638600861 2548954583 3677774586 2996007424 2813636082 
118888249 1994590955 1575334122 2128715091 3782559701 346037715 1247667558 1011153966 2730956369 2420956176 3066416067 3951708430 1861276138 1610622613 3727797132 3842353602 1694860232 2370937821 2124849639 3475390434 2666568731 2522299186 
17 1 11 1 1021 11
2207147395 2521114346 125571994 1837063334 2013885908 1211860213 1159254057 956817479 2171108033 3467624626 1819509402 799826301 4018078619 2607481744 762326885 793637753 4022721710 3488773040 2274180635 25693737 1137575342 3233030305 
2043641431 2136029605 2178072467 2785273442 240807696 977760340 3745852782 2649164161 2921745314 3795269134 2610808815 3999211027 3192905166 2010720457 1611624328 2952711450 3814806413 3332216604 408237776 4179045427 2903967108 4147558283 
10 1 11 1 1021 11
2405923907 502252433 1327589172 3567024301 1352921930 635556507 28701988 3918604799 3770771225 766624453 1205101632 3210677985 4230706260 3599256719 2566319530 3948370573 3460804940 2082626947 2854265224 4200210196 1187418033 474454463 
317133977 2941837738 3718024585 2242567466 1984728857 1676095111 344797740 1709773626 3603941584 2000724868 3674167546 3574186656 860537249 1899854014 3705819511 2328558202 876923654 2968727466 554676419 990890518 679784207 782367195 
2 1 11 1 1021 11
135753469 628912772 2030448621 3295990259 708443462 3652949915 3542124098 3598221527 3523884695 3054904769 756945634 3375499684 120502741 3062334145 445443424 4096710291 3600610564 529344115 1473768894 776899953 3516550068 1032074452 
3163595421 311539159 3456510306 3041462056 3312216194 2273140144 1233567007 978633076 3968997746 2077849508 1146319690 3147827174 513464524 1217347037 2489300400 749699211 3313248454 1766925408 2011957943 2900139476 3873825263 3422850861 
11 2 16 0 1021 11
1763810149 483007961 3790465663 3388742658 3391782369 657482126 3185678285 597623840 498563750 943210520 1611293152 60758642 1314596595 3445937138 3263859115 1476007652 3258955655 849404145 1441692889 1817542431 3638363759 1018589027 
1214008774 111917619 3449221253 2859012455 1907062100 3420662451 1077464727 334873781 3486341619 1599445313 1775431441 444629777 3441260693 348507782 868068379 1543864332 4012852167 950478659 4161663932 790930218 3069587705 1875400698 
11 1 10 1 1021 11
2405923907 502252433 1327589172 3567024301 1352921930 635556507 28701988 3918604799 3770771225 766624453 1205101632 3210677985 4230706260 3599256719 2566319530 3948370573 3460804940 2082626947 2854265224 4200210196 1187418033 474454463 
317133977 2941837738 3718024585 2242567466 1984728857 1676095111 344797740 1709773626 3603941584 2000724868 3674167546 3574186656 860537249 1899854014 3705819511 2328558202 876923654 2968727466 554676419 990890518 679784207 782367195 
11 1 2 1 1021 11
135753469 628912772 2030448621 3295990259 708443462 3652949915 3542124098 3598221527 3523884695 3054904769 756945634 3375499684 120502741 3062334145 445443424 4096710291 3600610564 529344115 1473768894 776899953 3516550068 1032074452 
3163595421 311539159 3456510306 3041462056 3312216194 2273140144 1233567007 978633076 3968997746 2077849508 1146319690 3147827174 513464524 1217347037 2489300400 749699211 3313248454 1766925408 2011957943 2900139476 3873825263 3422850861 
11 1 17 1 1021 11
2207147395 2521114346 125571994 1837063334 2013885908 1211860213 1159254057 956817479 2171108033 3467624626 1819509402 799826301 4018078619 2607481744 762326885 793637753 4022721710 3488773040 2274180635 25693737 1137575342 3233030305 
2043641431 2136029605 2178072467 2785273442 240807696 977760340 3745852782 2649164161 2921745314 3795269134 2610808815 3999211027 3192905166 2010720457 1611624328 2952711450 3814806413 3332216604 408237776 4179045427 2903967108 4147558283 
16 0 11 2 1021 11
1763810149 483007961 3790465663 3388742658 3391782369 657482126 3185678285 597623840 498563750 943210520 1611293152 60758642 1314596595 3445937138 3263859115 1476007652 3258955655 849404145 1441692889 1817542431 3638363759 1018589027 
1214008774 111917619 3449221253 2859012455 1907062100 3420662451 1077464727 334873781 3486341619 1599445313 1775431441 444629777 3441260693 348507782 868068379 1543864332 4012852167 950478659 4161663932 790930218 3069587705 1875400698 
17 1 10 1 1021 11
772937163 1346469354 323473181 397592741 3369971837 2517428659 75390732 1831315590 3262117972 978061012 2093508918 1686907009 2811467045 96705936 1029452603 1259619565 2333887164 1367692722 1998407213 3139511386 1239633093 1093467510 
3881552499 1002412175 1576481835 946274684 2568389324 1441516632 3826131211 215052409 3754307233 2865219114 4085557660 3633794001 2729551898 4033999603 3733140362 1236551807 4003880433 2134804752 1686710019 222324092 3558446020 3714451835 
10 2 16 0 1021 11
2667648937 4008674249 798365830 3008527707 1170179734 148182009 1467241322 1612444796 740087601 4156005183 1528933487 2670686629 2585928652 1302914454 225604289 1777149212 2642145165 2611865279 1894176262 2662512798 3462046366 2675554438 
3744670040 3160507125 3168964703 1815760147 1584637914 3475499686 1935247752 4025654970 2899031145 1626798312 1891285214 3525103035 692132868 3278532974 3089273637 1639196708 1658922664 540166894 266770458 3407052191 2274195537 2022141161 
10 1 17 1 1021 11
772937163 1346469354 323473181 397592741 3369971837 2517428659 75390732 1831315590 3262117972 978061012 2093508918 1686907009 2811467045 96705936 1029452603 1259619565 2333887164 1367692722 1998407213 3139511386 1239633093 1093467510 
3881552499 1002412175 1576481835 946274684 2568389324 1441516632 3826131211 215052409 3754307233 2865219114 4085557660 3633794001 2729551898 4033999603 3733140362 1236551807 4003880433 2134804752 1686710019 222324092 3558446020 3714451835 
16 0 10 2 1021 11
2667648937 4008674249 798365830 3008527707 1170179734 148182009 1467241322 1612444796 740087601 4156005183 1528933487 2670686629 2585928652 1302914454 225604289 1777149212 2642145165 2611865279 1894176262 2662512798 3462046366 2675554438 
3744670040 3160507125 3168964703 1815760147 1584637914 3475499686 1935247752 4025654970 2899031145 1626798312 1891285214 3525103035 692132868 3278532974 3089273637 1639196708 1658922664 540166894 266770458 3407052191 2274195537 2022141161 
1 1 6 1 1021 11
2407893939 2358180082 2963693521 821523262 2268662178 3691335201 3843190287 3610279628 1544624945 2171051123 2357999205 1099959376 1958727174 990632152 351717474 1597402400 2541680189 950880368 867898942 3825773065 98561190 1788779682 
2147321671 2680200187 953261099 2948929928 3953540326 354739764 823599540 518498942 1664347862 3579044706 949646079 2653065646 2388125620 245975445 3189507755 855913906 3293843083 2126973730 394341417 422863546 85723040 3635212523 
7 0 6 1 1021 11
706633761 1037691288 2292730952 3654788626 2680454602 1360662290 2753746798 2293321396 2937067232 1446739580 300900323 4244269413 2983901413 1761564191 748123707 1766121686 1560281375 1166981532 3269890435 1272284099 294123734 1257627584 
3122135657 302133211 3719929308 3308295803 1029194630 807697121 75940690 2865984271 2319432383 2988003504 1641742621 1252720120 685388394 2175989 3907411906 2092900154 2414606886 1207998946 1472800353 1981446453 3685812061 1050556884 
6 2 16 0 1021 11
150893489 368747140 2195274275 3154919535 3303018170 1916060672 3362786956 257518214 1638191300 4290656468 129635108 4183336901 2813971272 1042402777 1557526896 2331713885 2462737101 3237460858 1959724546 3232256611 2611531043 2087439262 
3564545606 4264805669 2225723024 1130582548 4139176258 135998426 1646432980 802111109 3124751343 109994011 3878830966 1366528336 1259887083 1977528374 3406703127 2506440277 1910868514 1182878008 2264533011 1564577258 1877408329 2235464905 
6 1 1 1 1021 11
2407893939 2358180082 2963693521 821523262 2268662178 3691335201 3843190287 3610279628 1544624945 2171051123 2357999205 1099959376 1958727174 990632152 351717474 1597402400 2541680189 950880368 867898942 3825773065 98561190 1788779682 
2147321671 2680200187 953261099 2948929928 3953540326 354739764 823599540 518498942 1664347862 3579044706 949646079 2653065646 2388125620 245975445 3189507755 855913906 3293843083 2126973730 394341417 422863546 85723040 3635212523 
6 1 7 0 1021 11
706633761 1037691288 2292730952 3654788626 2680454602 1360662290 2753746798 2293321396 2937067232 1446739580 300900323 4244269413 2983901413 1761564191 748123707 1766121686 1560281375 1166981532 3269890435 1272284099 294123734 1257627584 
3122135657 302133211 3719929308 3308295803 1029194630 807697121 75940690 2865984271 2319432383 2988003504 1641742621 1252720120 685388394 2175989 3907411906 2092900154 2414606886 1207998946 1472800353 1981446453 3685812061 1050556884 
16 0 6 2 1021 11
150893489 368747140 2195274275 3154919535 3303018170 1916060672 3362786956 257518214 1638191300 4290656468 129635108 4183336901 2813971272 1042402777 1557526896 2331713885 2462737101 3237460858 1959724546 3232256611 2611531043 2087439262 
3564545606 4264805669 2225723024 1130582548 4139176258 135998426 1646432980 802111109 3124751343 109994011 3878830966 1366528336 1259887083 1977528374 3406703127 2506440277 1910868514 1182878008 2264533011 1564577258 1877408329 2235464905 
7 0 1 1 1021 11
4074539028 4283563610 2997216598 3339322471 3680552652 3737960296 2294170569 1658512752 1972014184 1417828926 3219132139 1438437875 2498921264 879463075 657000377 2337897050 1045304376 2222523949 2271081905 3807917389 1718299917 2891178259 
2863800887 2495023324 594865247 2300783026 3555876564 1463988831 4273428288 4077228523 2584102631 1457290239 823121143 100197524 3412044244 3464953696 2121340788 1635725004 1383802112 2284383398 792118491 953534034 705791464 2688719100 
1 1 7 0 1021 11
4074539028 4283563610 2997216598 3339322471 3680552652 3737960296 2294170569 1658512752 1972014184 1417828926 3219132139 1438437875 2498921264 879463075 657000377 2337897050 1045304376 2222523949 2271081905 3807917389 1718299917 2891178259 
2863800887 2495023324 594865247 2300783026 3555876564 1463988831 4273428288 4077228523 2584102631 1457290239 823121143 100197524 3412044244 3464953696 2121340788 1635725004 1383802112 2284383398 792118491 953534034 705791464 2688719100 
20 0 17 2 1021 11
3013570713 3728585409 1675098147 3349219195 2725905873 516513178 2110548767 537601541 3163104760 4188285332 318431744 2442276027 2779183544 2230843635 469331217 3846509747 736319901 3110894974 3368983173 1699795464 371035813 1760683018 
2286652820 1115367599 3910902563 2189463499 1482075520 4217271045 4046202652 933716542 4195498887 3785710620 1973009123 833860628 2818647219 3690080353 1480569329 1504032946 2339800030 3042981803 3942733436 3725016631 4151108587 2226163950 
20 0 17 3 1021 11
1126834316 233570825 2858891010 3445737802 549365289 2213230067 1289328761 1720132519 3445734648 956382005 1996040955 365574425 1847452155 424052666 2842735004 4142802051 2172690816 678793788 1605722221 1246232531 32672783 1112569861 
3844780082 1744675426 2666779726 1026986623 3292372072 3275394972 3731183532 1777282612 1253426073 2292612833 3044834734 546141171 545066165 848791913 563259748 1558799862 3548889427 1933789402 3952601965 1967861882 1271631814 1684068376 
17 2 20 0 1021 11
3013570713 3728585409 1675098147 3349219195 2725905873 516513178 2110548767 537601541 3163104760 4188285332 318431744 2442276027 2779183544 2230843635 469331217 3846509747 736319901 3110894974 3368983173 1699795464 371035813 1760683018 
2286652820 1115367599 3910902563 2189463499 1482075520 4217271045 4046202652 933716542 4195498887 3785710620 1973009123 833860628 2818647219 3690080353 1480569329 1504032946 2339800030 3042981803 3942733436 3725016631 4151108587 2226163950 
17 3 20 0 1021 11
1126834316 233570825 2858891010 3445737802 549365289 2213230067 1289328761 1720132519 3445734648 956382005 1996040955 365574425 1847452155 424052666 2842735004 4142802051 2172690816 678793788 1605722221 1246232531 32672783 1112569861 
3844780082 1744675426 2666779726 1026986623 3292372072 3275394972 3731183532 1777282612 1253426073 2292612833 3044834734 546141171 545066165 848791913 563259748 1558799862 3548889427 1933789402 3952601965 1967861882 1271631814 1684068376 
